timestep	N2	N3	N4
0	0.0013597868365927844	0.0008306020526208122	-4.062411804553791e-06
1	0.0010132214141618007	0.0018792019326130602	3.313928810559096e-05
2	0.0010816864910044963	0.0016944580344831614	-0.0008623449406673128
3	0.0014457133733154904	0.0017549252858860922	0.00019805124061934775
4	0.0007654509553780462	0.0018189155994303543	-0.0002022991793376443
5	0.00023287540701265015	0.002250168737055914	-0.0009336860399735412
6	-2.287796866649698e-05	0.0016863433911068896	0.0010347360928352975
7	0.0007758886857358301	0.002391538811165853	-0.0006331052250799175
8	7.588873984332156e-05	0.002296893629706604	-0.0007544276057143216
9	-4.605595673434293e-05	0.0022277769135263725	-0.00033229313096537537
10	-0.0002778572936584084	0.002529917481074215	-0.000786939194404538
11	0.00010950631965723004	0.0024021559493718277	-0.0010681085471460098
12	0.000415728533917975	0.002082679284997787	-0.00034857867189000614
13	0.0006662948474514016	0.0024792993070223137	-0.0003645839366671446
14	-0.00038077398519816214	0.0033960498117032154	5.422778113993139e-05
15	0.0011593669254313572	0.0023334390679378924	-0.0006796943705526699
16	0.0003208882429772532	0.003173782411120321	0.0003588905041148042
17	0.0006003981955771333	0.0030937247476847305	-0.00048615538288136344
18	0.00035886911609178695	0.002645813402626397	-0.00028978110944257124
19	0.0007901973164190787	0.003035300077170582	-0.0016233308110583883
20	0.0006296833287209061	0.0013103925220264213	-0.00042325256500087334
21	0.0003251394310205268	0.0014350848924866441	-0.000512806578979035
22	0.0007844535290998944	0.0014407053480085057	0.00010677256590237909
23	0.00021654701687964892	0.0006491897719819162	5.006217336638339e-05
24	0.0010434399567387383	0.001127771797569098	8.740672454605542e-05
25	0.0003365999086881329	0.0008747163933048211	8.711269366297838e-05
26	0.000262124854593882	0.0012360773253780924	-0.00021297153208356601
27	-0.00032039706615246875	0.0012954546224031892	0.0002327742557429495
28	-0.00041737589908665354	0.0016132092119927367	-0.0007747393007870023
29	-0.00016451670911351256	0.0013946253614358227	-0.0001385073421285172
30	-0.00012862043411443827	0.0016162111933571213	-0.00034390362240262293
31	0.00016682561720715106	0.0017780200872387834	-0.0005323982313322022
32	-0.000862556434361508	0.001552818237377955	0.0003982470669037025
33	0.0006793823752859829	0.0016945268654194527	-0.0004777980478869826
34	0.00010250131782544496	0.0023644941479008925	-0.0009740933007417981
35	-3.207201657776332e-05	0.000815605371097291	-0.00026342557995683176
36	0.00011974054980953038	0.00150474826158215	-0.0003349886793863949
37	0.00024220382464392462	0.0014615924485666151	-0.0009527847252642115
38	0.000156114020758832	0.0016427466799268967	-0.0001666040836932067
39	-6.665923233711065e-05	0.0014907969773487752	-0.00012156709116993895
40	7.14741754422152e-06	0.001729328571131465	-0.0004943438641615142
41	0.00018276848159619634	0.0015574236276042043	0.0007171108045208788
42	0.0006939941810189482	0.0016737899090407877	-0.0004866048151496666
43	0.00044474532931486495	0.002120029037969807	0.0005919142100087483
44	0.0004874845297145947	0.0007013650424148692	0.0011819494141324057
45	0.0008672375422546011	0.0005396664860709145	0.0003428461200231138
46	6.308684322701573e-05	0.001414336038842899	0.00031047511605961184
47	-0.0007032795149973215	0.0014543976514713505	0.0008212894951960869
48	4.1190115707527303e-05	0.0012716861961570636	0.00043168424736660766
49	-0.00023746950301579842	0.002462550406621876	0.00010674299393507688
50	0.0004550782288337725	0.0012083497604751289	-0.0001399783081760923
51	-0.00013012731690075266	0.0019603426554690743	-0.0006971968038702664
52	0.0002030159022117186	0.0008012116027720166	-0.0006009072495689802
53	-0.0004651866733271485	0.0006489413142315968	-0.0009687244531124096
54	0.0003162878189213091	0.000595177195637631	-0.00153512926872835
55	-0.00036792559353898354	0.0011591919617792734	-0.001409793449122372
56	0.00020068889231774798	0.0008860244740588939	-0.00040139562103617174
57	-0.00040705613387289567	0.0016858649469995053	-0.0004492285568058281
58	-4.5791445161401986e-05	0.0012287772474881846	-0.0005528823408756907
59	-0.0006493326089487257	-0.00011311865252167672	0.0013899053470380891
60	0.0004574290891260006	5.569374753709521e-05	0.0008268592510579048
61	-0.00021411420450793755	0.0004885026994309385	0.0013935097486766678
62	0.00044343158118689407	0.0015169230160645116	0.00013259283502397537
63	-0.0007657904685030283	0.0021551117478443007	0.0001359937062446392
64	0.0002501350563810012	0.002034388060455427	-0.00032953101640990294
65	0.00012494716876557447	0.0017128827580491788	-5.6079406945355726e-05
66	-0.00043986912418733344	0.0016438803824536993	-6.318694580253887e-05
67	-1.6946723828605448e-06	0.0018689080322762833	-0.00013056481134406897
68	0.0004164775217386173	0.0007669954694011434	-0.0001043510779507043
69	-0.00020383962697576258	0.0012775575660340433	0.0002622795052812173
70	0.0002250062038237099	0.0009484047836749659	0.0004996356702618785
71	-0.00035621147467029867	0.0004599710706969645	0.0006327136446862245
72	-0.0009629830207216819	0.0005448929353326555	0.0010640554153980924
73	-0.0007442605943284893	0.000769305923420612	0.0013587465014246053
74	-0.0009519144539085137	0.0003726102015308211	0.0009636717593678166
75	-0.0006417234706685452	0.00030553669557037964	0.0011508715598506664
76	-0.00010020594467948429	0.00010380066297396308	0.0013791100968716446
77	-0.00012118915769294882	0.001338129841993083	0.0003531099638834079
78	-0.0001839536655387241	0.0010587044125841272	0.0007098986375216989
79	-0.0007222855605639274	0.0018051695344281655	0.0013266493648133085
80	-3.714959102891536e-05	0.001861958523068793	-0.0010908542316506774
81	-0.0006981024091699132	0.002031323673901454	0.0007177294603838689
82	-0.0006784587892698741	0.0012939711056117957	0.0009654055418167522
83	0.0006278131091450203	0.0011749402921571162	0.0009566293005204953
84	0.0005713965588041473	0.0002851718140854043	0.00034331615853422495
85	0.0007198359204434737	0.00024762407156189074	0.00044677530121423493
86	0.0007431819786204278	0.0013622123845481108	0.0007485919955530955
87	-0.0001433656044337807	0.0015271122154529061	0.0006940014020062626
88	6.000003330718887e-05	0.0023489376953645517	-0.00035452932154905487
89	-0.0003522220322350034	0.002766714209678879	-0.0003809576700950717
90	0.00010574655532461733	0.0016340943438630036	-5.2082606497009035e-05
91	0.00010934156927014979	0.0015544538818579525	-0.00035370798779238373
92	0.0004607634247873071	0.0007104749185360971	1.1620810011947328e-05
93	5.81136999673697e-05	0.0016205573789775081	0.000801499109359566
94	0.0002660487431708114	0.002038940714103708	-0.0003735671803759774
95	0.00028767320050550067	0.0011068162437291103	-0.0004427653977775346
96	-0.00011493026181531385	0.001593412149376969	-0.00028135980312380977
97	-0.0004623133413163337	0.001783906146637924	-0.001323992395126731
98	-0.0005051515689355797	0.00017575748838059683	-0.00017953313182665284
99	-0.00048187991699216953	0.0015039557293839816	-6.363321487034949e-05
100	-0.0007372722235361774	0.0009884082100093685	0.0005319395968482861
101	-0.0009487510447777679	0.0006412913374966776	0.0008801929768593353
102	-0.001000380567674968	0.0005572595258024191	0.0006676571957362991
103	-0.0006504267520296069	-0.00015374562507601964	0.0009473544667283112
104	-0.0010189213428585292	0.0012472564571866852	-0.00043976674470001386
105	-0.0009628081203982182	0.0013420297731438643	0.0009522066718896105
106	-0.00024089632854498255	0.000179039600514293	0.0005816917271607758
107	-0.0006775994937791555	0.0004521057812014586	-0.00048200477382384573
108	-0.0009881385559159937	0.001291745545612974	0.00024685270123778267
109	-0.0009051369603006289	0.0012918626549202265	0.0004435821652643391
110	-0.0004232141514451471	0.001123784204785991	-0.00041886532942540995
111	-0.0011208116437079788	0.002144598022506056	-0.0011730550995094444
112	-0.0003155313910903289	0.0013778203377100874	0.0006477143233926865
113	-3.444988175184979e-05	0.001063703870516769	0.000805782390555182
114	-0.0012839810415313957	0.001248862745027701	0.0005198764333562764
115	0.00018689017108101247	0.0010977981135989242	0.0011203537336689998
116	-0.0007476422610136766	0.0012811134040640968	0.002074736419567699
117	0.0001524199315119908	0.0009192784111536755	0.0007509273956848052
118	-0.0006112329595174949	-0.0008784015673351495	0.0015741035211136927
119	-0.0002384863552572629	0.0008070950712320891	0.000728301952719435
120	0.00048034397394995003	-0.0007674062027937355	0.0009544203890868204
121	-3.8498804935192376e-05	0.0005299507913157012	-0.0001987529161849434
122	0.0003473713939726883	0.000185203112583761	0.0006842517069297848
123	-0.00016472848298735256	0.00037323034479701397	0.0005328110135491962
124	-4.0297931758621495e-05	0.0005787535604306164	0.000570885712669397
125	-0.00040074636442558953	-0.00016227283151489175	0.00047879391137558777
126	1.4617987120720395e-05	0.0009041470577773775	0.0003044744498488742
127	0.000542640562498306	0.0005620764837701468	0.001037435111389276
128	7.676559109526089e-05	0.000841776775570212	0.0005073742879397394
129	0.0013803997084107327	0.0012550683038985101	-0.0007669464425295156
130	7.90418738083536e-05	0.0006818401365038572	-0.00030656653136168033
131	0.0006852381441407064	0.0017475034830960812	-0.00038760039455929836
132	0.0005468196783696181	0.0017499539209314976	-0.0007448804883892618
133	-0.0008345548856042574	0.002169348216574793	0.0003707000865011479
134	0.00046285511892651395	0.0017948474136267975	-0.0004253379728837101
135	-0.0003484349801643591	0.002114538433840611	-0.00025638960110419787
136	-0.00043237552999784014	0.00035340169561643786	0.0007801083857767097
137	3.7641100258927612e-06	0.0010428399989005014	-0.0004869158847259303
138	-0.0005175906682287134	0.002277494972821818	-0.0011743765890607836
139	-0.0003330992849704136	0.000366167824843315	0.0011551461722954493
140	-0.0004136042938851311	0.0014083604260791752	-0.00012498566634083883
141	-0.0005717932827752921	0.0019100910155211161	-2.0845401737905605e-05
142	0.00044132342237347726	0.000819514967206946	0.0003155409273562014
143	0.0002733209569005664	1.6543046943599772e-05	0.0011475814969038112
144	0.0012068823511748978	0.0006938896853925193	-0.0002698701554264269
145	0.0005098779544853275	0.0012420218071505862	-0.00025258719005595944
146	0.0007303673445327923	0.0006903976047570523	-0.0002576567849777136
147	0.0009367565411536235	0.000172721464637607	-0.0004266265865533241
148	0.0009282390608539302	0.0003896824316699898	-0.0012744384450596403
149	0.000869740321095061	0.0019869351628755204	-0.0009237275625506929
150	0.0012525023797462886	0.00157350103893586	-0.0010352457246752766
151	0.000979911415944173	0.001060431393729791	-0.0015285202024001672
152	0.0010199779267627367	0.0009386193059641873	-0.0008551796260066064
153	0.0008363540745321732	0.0015770355667375545	-0.001247734811277261
154	0.0013464673344813914	0.0005249603585281439	-0.0020871049832516084
155	0.001100553166358932	0.00010006788306294071	-0.0014198903544043427
156	0.0010434745598128267	0.0008408238429358041	-0.0011575945705676243
157	0.0010821027987525838	0.0012677886525401573	-0.002271607322464303
158	0.001366905989439832	0.00017976995806054516	-0.0022838658442100946
159	0.00025774903145348043	0.0003215455158188152	-0.0025896341215997285
160	0.0004805691112045403	0.0005623487983562396	-0.0014326061038115736
161	0.0005354627126216848	0.0008892827193072381	-0.0021032036641400673
162	0.0004107599811375701	0.0017328903179595306	-0.0007327793723629738
163	0.0007676160691692039	0.0017262889737176682	-6.959445458072834e-05
164	2.673176930748371e-05	6.139190065040175e-05	0.00036053766241136504
165	0.0002610570718110704	0.0013564456235256451	-0.00010221673656369727
166	-0.00013859069530317133	0.0007198921258180198	-0.00017520127939732168
167	0.00026523420669270466	0.0004893405224444974	3.336797039137334e-05
168	6.506274082848391e-05	0.0016778149534426507	7.63491523650201e-05
169	-0.000666551864754014	0.0020406382457831226	0.0012394080181680612
170	0.00014865117598255294	0.0006564018871965441	-0.00032847601106932
171	-0.0005770602939978331	0.0006221626742576604	0.00010795794749410704
172	-0.000992566116233363	0.0013823072957591458	-0.0009852708177590574
173	-8.999040855193997e-05	0.000775455000594911	0.00041613875368758796
174	-2.7883181407488454e-05	0.003230746738629786	-0.0010675307696408343
175	-0.0007952425444318884	0.002936075640446275	0.0005360759042042962
176	-0.00030109951471812455	0.0028022137238025747	-0.0005336132659093417
177	-0.0005053588860375723	0.0016347555894576473	-0.000272695608228245
178	-3.585851652539813e-05	0.002032446594064928	-0.0001509379685152718
179	0.0005591076816327449	0.0009533556315418835	-0.000907479324467664
180	-0.0009208355557352837	0.0017258116178426957	-0.00021108816834224383
181	-0.0010494534658346902	0.002457232195453064	-0.0005009537008216264
182	-0.0007233768091823245	0.0006714408743678748	0.00028682060733546726
183	-0.0005796211309729971	0.00145197969939398	-0.00019181973626002837
184	-0.0010063535672578325	0.0011664289764334245	0.000715813402610027
185	-0.000679876184150762	0.001621410452498396	0.00011273262013579976
186	-0.000650908082583511	0.0019480950371347362	3.476189589330913e-05
187	-0.00013406945940817492	0.0017856503260399454	-0.00083658041393562
188	-0.0002974224559218572	0.0016592486714946668	-0.0011678494244028157
189	0.0003247117654033799	0.002696383692799456	-0.002388779512705495
190	0.0007346454236344135	0.0005979725073587871	-0.0005028681054318808
191	0.0007788581345870438	0.0015033923314201933	-0.001519852380377709
192	0.00046476335605461394	0.0012720909306497955	-0.0007556057066192819
193	0.0009107798445321552	0.0014254771191888206	-0.001738548189993016
194	0.000300973261430059	-0.0004367766172465794	-0.0012514642048358333
195	-0.0008800850074456832	0.0009289213774446918	-0.0019118789591714947
196	-0.0005207459865633327	0.0008011478433742252	-0.002670800042240304
197	-0.0009397810953931591	0.0012170571823689176	-0.002496372879650987
198	-0.001199797187559047	0.0011639877054608182	-0.002009908636379506
199	-0.0025596703787055582	0.0013503185700443723	-0.0026214359771489525
200	-0.0012891805778910328	0.0017691516984443753	-0.000788966144366382
201	-0.001375457704537415	0.002432422398360341	-0.0005146804073358201
202	-0.0003869610370914652	0.0017224695011198582	-0.000887408849916579
203	-0.0008969186941668787	0.00013719744325911554	-7.136021189418534e-05
204	-0.0010814683385757305	0.0006489192510017265	-0.0003908830001935861
205	-0.002548647536320096	0.0024904422788881	-0.0009000129158932924
206	-0.001193440751001294	0.0003994951086457681	0.0013648267666137393
207	-0.0009305338542109251	0.0018272307012792187	-0.00024792209946480497
208	-0.0008536596195002498	0.0005451287802587853	0.0014392766404252614
209	-0.00033324149673415453	0.0020508527337319074	-0.0007635558072279609
210	0.0006353260392161757	0.0007429998398856087	0.00041790792812817156
211	-0.0009358642307794907	0.002400186389295188	-0.0007848001374596877
212	-0.0004758713366028194	0.0019457463829594271	-6.577053046875184e-05
213	-0.0005919620107165107	0.002001869378269388	-0.0009428098600681796
214	-7.763655763310621e-05	0.0025296031827268224	-0.0008011332380234265
215	-0.0007604436366350717	0.002493353563937915	-0.00181460817385516
216	-0.0007985051254808035	0.0014581764663999805	-0.0007587427485112126
217	-0.0006374799903286166	0.00192321486493323	-0.0010416152448376433
218	-0.0015951333179009355	0.0018450668968154973	-0.0005027038369418094
219	-0.001234552683210447	0.001703401504990937	0.0009659923674770031
220	-0.0009328377044064972	0.0021855348724691198	-0.0003824165774125579
221	-0.0010909433874557793	0.00013163027453890874	0.0006134227113411864
222	-0.0006521253902828423	0.00031823907344272803	0.00014846740586593572
223	-0.000828229704982483	-0.0005832489136740757	0.0005376567826837147
224	-0.00025974051352488587	0.000533593501562725	-5.5398548029678076e-05
225	-0.0006659819669385078	0.0006470569828226479	-0.00043466512037861353
226	-0.0006851966229643881	-0.00036748259755230904	-0.00032440723597757155
227	-0.00019588918289980805	0.0005386484105216683	2.3315728210403304e-05
228	-0.0016796227748403217	0.0007257853901778682	-0.000398887505327043
229	-0.0008838038323160946	-0.00038744522924152327	-0.000595961991292976
230	-0.00041504852539077104	0.0013935508807939355	3.388480150474764e-05
231	0.0003149681349921248	0.00048193004975075884	0.001508723369243664
232	0.0011705178949155174	0.0012283525290923245	0.0009980778489208325
233	-0.000615844616051292	0.0014677545552225896	0.0010114234468379009
234	-0.001352831361903892	0.0013527699013631614	-0.0003853818611024333
235	-0.00046706013305228896	-0.0001789922641995913	0.0013787323465280568
236	-0.0008511052014795635	0.001360489672701548	0.0011762201164568216
237	-0.0005541613119516627	0.0011522102911550786	-0.0007025697851695788
238	-0.00042484678237535275	-0.0006902714961207823	0.0018593848952405808
239	-0.0007930117878027564	0.0017154329502631054	0.0005673790223870561
240	-0.0009625553844026761	0.0012332030589122577	-0.0012294278935284953
241	-0.0006074763810607709	0.0016938572155089412	0.00031882767673399213
242	0.00048512403021392573	0.0015853566360715427	-0.0002563336691361717
243	-0.0002391321063470518	0.0011603178700917407	-0.0004364769766912523
244	0.0006689839007748984	0.001910618806078773	-0.0007040330202250381
245	0.0002365705876092154	0.0015156491800232925	-0.00010878669563690532
246	0.00035253044642010963	0.0013339836188057108	-0.00045859742475324293
247	0.0002208122572456483	0.001406779032180091	-0.0005410265017278639
248	-0.0011587147380348124	0.0020091654365261974	0.00014965308324946702
249	0.00046687922471025617	0.0005426464833679418	-0.00017851098390076153
250	-0.0001624950867298076	0.0027243313230182666	-0.0003048153245414323
251	9.20876901087331e-05	0.0002826451030732809	0.00017645983508934973
252	0.0005929869694158292	0.002076491127176761	-0.0016158271598495644
253	0.000512825761181928	0.0036301748661770206	-0.00021598202951360682
254	0.0011305497632243368	0.00282205484112705	-0.00028315785430543306
255	0.0004493831792945723	0.0037825256741654085	-0.0007280451050498907
256	0.0005522850404386919	0.0020321592129617003	-0.0014699891731012001
257	0.0008128232988826417	0.0032175272616210304	-0.0015702260734419492
258	0.0010036032540193564	0.00253665412241461	-0.0006938624194716347
259	-7.069416282822963e-05	0.001903577791413201	-0.0007749387277998222
260	0.00037478572606111437	0.0026941209323072075	-0.001457163423071998
261	0.00027201130456067644	0.0019568848072366034	0.00044311511636955516
262	-0.0007246307545726888	0.002277519286495598	-0.00016725898164080154
263	-0.00018809460978429064	0.0031618912723645615	-0.0013253041353955518
264	-0.0009950859881557622	0.0021546450279395094	-0.0006221182876420285
265	0.00010689511375682208	0.002378546767790851	-0.001400184973721635
266	-0.0002515640636457146	0.003280216996956769	-0.0012174502751419259
267	0.00015499297991986146	0.003311075082524967	-0.0010536639270587208
268	-1.0288069129638056e-05	0.0023205985437701384	-0.0005984025813308324
269	9.862177750254072e-05	0.0026035687289231086	0.0006639625530136019
270	0.0015753325003522948	0.001930335622635658	-0.0002121120697373297
271	0.0007583844845329206	0.0009151904308027073	-5.485927284223089e-05
272	7.521204020978056e-05	0.0024230550224271204	0.0009160396856031436
273	0.0019627222665575994	0.000687090876019436	0.00044406538149480525
274	0.0010420673127947084	0.001988585980987942	0.00130189836183761
275	0.0010168782421846724	0.0018259200059980794	0.0011402689324504789
276	0.00038792479296834035	0.001441435141216758	0.0017998660728685398
277	0.0010405719349096205	0.0019633323662098068	0.0010242841474398389
278	0.0006230500571172098	0.0020803489051781985	0.0020607285655267716
279	0.00027247614293052756	0.0011573069536883465	0.000795204176796938
280	-0.00033317603811785525	0.0017107993548782672	0.0010624986063342348
281	0.00033700695896542914	0.0017896516629927525	0.00029547468551527177
282	-0.000288228523537372	0.0009350278196920199	0.00042754380946520505
283	7.307031053684722e-05	0.001279612104711128	-9.350635179032526e-05
284	0.0007883910193696961	0.0011215687157341743	-0.00011190414675604337
285	0.000267088626942794	-0.00041622551769532725	0.00014131730821754574
286	0.0001799457617034767	-1.2750036998333174e-05	0.0012029421405757136
287	1.3539208944990887e-05	0.0005385344033324577	0.00015899946810465102
288	0.0009241833828002124	0.001208756145099564	0.00029142891962624526
289	-0.00037990076331312285	0.0017100134555641943	0.0008538319018174794
290	3.732206383564088e-05	0.00030161563787540905	-0.000269677043721491
291	0.00029911575113811153	0.0006575861810374632	0.00017551565477556553
292	0.0006754898557018934	-0.0007136568184128449	0.00010574173922843564
293	8.603553034443562e-05	9.973867172666993e-05	0.0006087164457284476
294	0.0007331045505789828	0.0008745061103282055	0.0006390117384707501
295	-0.0005186437014855311	-0.0018272731671349755	0.0003268486037633118
296	-0.00035640729270580067	-0.0015260850313388152	-0.0006316811960294479
297	-0.00010524313273461042	0.0007442903074371045	-0.0006562109446403405
298	0.00026092904550825723	0.000374090247687292	-0.001143695803072776
299	-0.001128529286083639	-0.0006366681113861732	0.00031068125861029593
300	0.0004847286475096839	-0.0012133212333351846	-0.0013789901908444443
301	-0.0005333808988887155	-0.0009967139418110707	6.990850375583953e-05
302	-0.0007966375683107227	-0.0002355354179899797	-0.00032737307879868535
303	-0.0008394053507826132	0.0023069740309631455	-0.0010466797646964377
304	-0.001849052390196947	0.0012094660631508554	-9.251197759447644e-05
305	4.4347615320555875e-06	-0.0008068070208287687	0.0005187647541575333
306	0.0010572325912315066	-0.0002917619691893267	-0.0003200633675965168
307	-0.0009239000770338329	0.0011231312142380623	-0.0015036713965151643
308	0.00014627894483275707	0.0005022749049997127	-0.0014294397174940232
309	-0.00018277772445271805	-0.0009055943376884473	-0.0007238250100091224
310	-0.00015162210945974923	0.0004718403044593363	-0.0006454056044170413
311	-0.000382859230996771	0.0005638661104833925	-0.00036959253640321066
312	-0.0007755429066643883	0.0004930678065440222	-0.0009383675610129695
313	-0.0008077243015594606	0.0005892808434386494	-0.0007510520960708547
314	0.0008683876199009841	-0.0007690277519494385	-0.0011751025887930585
315	0.0004250468687002408	-0.0003630311074930532	-0.0011884995958661307
316	-0.00010334393524065959	-0.0004847447278569044	-0.0013820543712257545
317	-0.00011077533534210762	-0.00037150481277293325	-0.0007050936070209215
318	0.0007398813143416011	0.0019490786139379972	-0.0006880690024967578
319	0.0003210085255497196	0.00288271208642043	0.0007181926505928402
320	0.00024719904221340565	0.001186038361271559	0.001190184588315863
321	-0.000963740844498855	0.002068020838479269	0.00034769149630515633
322	-0.00031448363279530363	-0.00014489631901258896	0.00025650706809144286
323	-0.0005655016717691343	-0.0004603488988649483	0.0007573215746413438
324	-0.0009145317177885361	-0.0006044879714053876	-0.0009752547112572865
325	0.0001664126031318151	-0.0007575354868170094	0.001349522489329793
326	-0.0008790638330047795	0.0015843133959537888	0.0001148285502163784
327	-0.0005789792413840744	-0.0013760512981717443	0.0004773027312187985
328	-0.001188336758579987	5.6857558381955204e-05	-0.001046669566861909
329	-0.0008899560028449435	-0.00021112793128861564	-2.276658663052884e-05
330	-0.0005811379523352161	0.0004314690245165321	9.770169161391775e-05
331	-0.00041516793099812086	0.0007352449383712803	0.0003947165888615619
332	4.655277090428398e-05	0.00013031435802608867	-0.0009411998885769451
333	0.0006722592856473208	0.0011240312892692344	-0.0007964811888570245
334	0.0015192057769570888	-0.00010033025449597815	-0.00042824152641548623
335	0.0010153860116552734	0.000537142095994446	-0.0018580402368806696
336	0.0013843375250776307	0.0005305838839059821	-0.001478060779411378
337	0.0009517886990492665	-0.0004299088084278395	-0.0003594123510837025
338	0.000148661390442298	0.0005065586120593473	-0.0012958767737231388
339	0.001243713891281	0.0008140525342889025	-0.0013102386294482076
340	0.0009484221370588131	-0.0005583762928953254	-0.00017700751990948511
341	-0.0010628905361229346	0.0011197967688671624	-0.0005648521978779236
342	-0.000349971801663225	0.00026484701853098146	-0.0001861345232101178
343	0.00019801371367698795	0.0011454682486778428	-0.00030549593999131425
344	0.0004449682981492004	-5.5605541615950786e-05	-0.0002982976087450525
345	-0.000900269732115393	0.0018069674102103223	-0.0008194142660437973
346	0.00021770728344476932	0.00027862267418928173	-0.0010229410294414238
347	2.6490317416263845e-05	0.00023894932877293142	0.0007278601176450974
348	-0.0012660943843280275	-0.00022634885204872413	0.0008189697939568796
349	-0.0004273113541837638	-0.0013687766609585543	0.0019625636532660255
350	-0.0006791563129185925	-0.00025695998621857855	0.001124995940258665
351	-5.209863276813031e-05	6.778923439331006e-05	-0.00011261936550048012
352	0.00019459890877960803	-0.00012929110529484025	-0.0006905558069619977
353	2.8873685335086973e-05	-0.0007869723485343281	-2.1409853918568103e-05
354	-0.0001345143991108383	-0.000122051151470436	0.0014112909051725044
355	0.0009861117017915958	0.0013990525882858142	0.0009080620866507899
356	0.00020114975059717976	0.00043830375161509636	0.0005796769469146724
357	-0.0002907206285593621	0.0013191470183374363	-0.000462089096356205
358	-0.0004730939396548084	0.0014707862269801616	0.000706834142585917
359	2.977251595704674e-05	0.0017062080540636757	-0.0006136890057415163
360	2.9822861539054114e-05	0.0014494150796369163	0.00024122841529964785
361	-2.6042465034188667e-05	0.0014008158912547487	0.00024569312903838193
362	8.046829459263695e-06	0.0008657876355383491	0.0007162054599913344
363	0.000644061558769998	0.0009789855825212176	0.00012029008761269678
364	0.0003842508420000749	-0.0002734404482555129	0.0018378649228969165
365	-0.001294824658654472	0.002578383661618805	0.0009956000876882448
366	0.00038659876617165394	0.0026348941466553567	-0.00048348641211627246
367	0.0002545085533574357	0.0016622996765300753	0.0009307008168483103
368	-0.0008473927620755045	0.0011795481313741161	0.0012468920224149552
369	-0.0009051876271845413	0.0015069694551107975	-5.92009760547388e-05
370	-0.0007848595233211423	0.001008375501000482	0.0010618835903155885
371	3.6294953260696916e-05	-0.00015389877586098112	0.00033636998324203276
372	-0.0012885895184672229	0.0015408002102755393	7.208755926145056e-05
373	-0.0010081618097429418	0.0009919991670526498	-0.0007104023549986304
374	-0.0005114255243505058	0.0017734060890110504	-0.0005587058290665775
375	-0.0012171576641926128	0.0014423915530004992	-0.0003019901563718403
376	-0.001266390520341663	0.0008932101853496601	-0.0013429023182902602
377	-0.00010080469078646852	0.0011454781286252616	-0.0010428113018893204
378	-0.0001972089072839443	0.0013307389781144247	-0.0007978496726724982
379	-0.00048731956644322913	0.0010193139529765854	-0.00038986950248437474
380	-0.0005317734448087593	0.0020552153451337033	-0.00025747279348093104
381	0.0005111220067737898	0.0019043944426423787	-0.0009625004988995079
382	-5.58406689965882e-06	0.0019389621960920053	-0.0014333389186397183
383	0.0007604872383587311	0.0014162591182733662	-0.0008140055921558782
384	0.0006114111615222072	0.0009931040789243084	-0.0007204248974604926
385	0.0010061030056262774	-0.0010656386747947102	-0.0006382326912785193
386	-0.0006040473155159082	0.0015147454312913929	-0.0005041950634000167
387	0.0005975309613496781	0.0006994719547318877	-0.0011679917623185654
388	0.00012529011842746276	0.0003020567887405914	-0.0010668054587298146
389	0.0004751671391187483	0.0011802728486301844	-0.00042577052888640127
390	0.0014486403525814575	0.0011804754214874871	-0.0018331461181076507
391	0.001915053463013471	-0.00013060192005510713	-0.0014241464260043944
392	0.0018089310126640154	0.0024360585231912087	-0.0007993733497421695
393	0.0009220841752716471	0.0011590413733302348	-0.0007697946812725344
394	0.00019776600998612224	-4.0076191563637674e-05	-0.000982370055259604
395	0.0005883697364940234	0.00041181840247382553	-0.0016934030600670089
396	0.0005576803998136717	0.0016883000116244915	-0.0014706860687061602
397	0.00015451298056884779	0.0018546547007369624	-0.0013102802489365006
398	-0.0004512967832975812	0.0024195241934435816	-0.0017050984285162595
399	-0.0001134858277239068	0.0025294057916314438	-0.0013705210827441073
400	0.000916955200179009	0.0019933264009825034	-0.0011695926001743637
401	0.0015550468450721514	0.001610953602180997	-0.0014207433938071131
402	0.0006351944561956383	0.002328905899739691	-0.0010466692380988844
403	0.0011611384075535928	0.001456367180507319	-0.0006342875456718727
404	0.001307260289664866	0.0018063973868859304	-0.0011481426636092628
405	0.0015982684246542915	0.001225925392463674	-0.0018050739307024673
406	0.0002048269435389082	0.0015771054579146165	-0.0016138303279917684
407	0.0007027007258224669	0.0004642336416015856	-0.0011344227191529069
408	0.0004577933679411032	0.0010909060591323717	-0.0015200599580704756
409	0.0005346841373192503	0.0007410779270235579	-0.00010018089439554839
410	0.0006343188592544686	0.002015274606823364	-0.001002027963766593
411	0.0002771853760535238	0.0017914637390191734	-0.0008110844511160326
412	0.0003320047158442982	0.0024837782793182073	-0.0017402496682944525
413	0.0010934133799933824	0.0016019784722864471	-0.0005941625424513993
414	0.0012664907351488386	0.0018929718001605986	-0.0009600792623464812
415	5.44990069498585e-05	0.0014975456412454843	-0.00019176627244654813
416	0.0008319292720383916	0.0027964867691724167	-0.0015456411916402225
417	0.0008213369884284025	0.0015499474208179047	-0.0016194779673247715
418	0.0012058180246283534	0.0015744457470689634	-0.000484630816935992
419	0.0011236454421347016	0.0022423518497654863	-0.0019422922402235819
420	0.0012056016372831986	0.0012357728733591155	-0.00044692743391086076
421	0.000632341313571408	0.0017093328036005115	-0.0002605961015458431
422	0.0009063220180244784	0.0010848859243302014	0.0004375103530032471
423	0.001180869782286874	0.001514298652145683	0.00013673110527584958
424	0.0006257022206163298	0.002775597209187495	0.0007304078179591299
425	0.0004101258980257032	0.0014246315331898456	0.0010791398127371053
426	0.0010163115769320917	0.000532360165514163	-8.319226652782287e-05
427	-6.491459721470316e-05	0.0009702097273684654	0.001011657778241448
428	0.0002421623186279596	0.0013808099548548458	-0.0003786049043107183
429	0.0004890311806337974	0.002290708189024616	-0.0009629145011470284
430	-0.00048120017753396354	0.001122212462513999	-0.00013353518356783753
431	9.030373440323865e-05	2.874979829683527e-05	5.742636946505614e-05
432	-0.00027844335314420514	0.0010223538818253611	-0.0011260484347182997
433	-6.473764623686604e-05	0.001172766030331396	0.0005198759750231018
434	0.0011566781813138328	0.0006981505849313462	-0.00022128912023840477
435	0.0006747114512186543	0.0010952699796729463	-0.0012467801353455805
436	-0.0001259062593229395	0.0018167621844909785	-0.0008311045002044112
437	0.0005327733977009589	0.0007870355663628644	0.0001207951952177561
438	0.0007249928456953806	0.0012500262722900891	-0.0001838770478948324
439	0.0003923178192236193	0.0003526674838924883	0.00070969001822623
440	-0.00041321408044309486	0.0012218476082869153	-1.5203093948898421e-05
441	0.0005289044846371693	0.0017667124537725338	-0.0006667228965746741
442	0.001816400636798833	0.0007255413975331363	0.00010931612706778587
443	0.0007183663805248182	0.0015778795247198502	-0.0005690534842187044
444	0.00016368281820839888	0.001986332301029263	0.0008145248656838374
445	0.0014786186044307259	0.0022454745499374718	-0.0002412590739708575
446	0.0003763174749526628	0.0021512007927147773	-9.807748542037915e-05
447	0.0009482514674697968	0.001938239148287232	-1.934973634949602e-05
448	0.0002608668686903321	0.0010516187405817299	0.0018332798665468902
449	0.0003337687887952386	0.0022360136561709945	0.0005425294129702204
450	0.001056722193095132	0.0013240931091797062	0.001069269285164698
451	0.0006403246351920956	0.0022968347862643793	0.0006031660340106908
452	0.0011997303014942384	0.0014767395537095222	0.00018766010511849426
453	0.0001278512357401569	0.0014173596349194605	-0.0010996165413879294
454	0.00029572838591888467	-0.0005596895027161078	-0.0010624098694295425
455	0.0009824413087173398	-0.0002584026420400702	-0.0020113465076428035
456	0.0007117405867431159	0.00045115557992990506	-0.001130633878651364
457	0.0007976720822258692	0.0010848890698529894	-0.002281655265043079
458	0.000864448053102679	-7.012678276683017e-05	-0.0020156484545520593
459	0.001435335361563898	-0.0005505220334386094	-0.0011529077952827334
460	0.000979487627656437	0.00012182882211919839	-0.001978399963426506
461	0.0011752897117930671	-0.0003380519472867353	-0.00021998345755382852
462	0.0018477538895213656	-0.0001964093793767077	-0.0024105594069037412
463	0.0014552171542105492	0.00021316868745565757	-0.0012744047134718038
464	0.00229046306304702	8.907948577924966e-05	-0.001191364802778003
465	0.0012644318631969053	0.0012628295315444747	-0.0014734638761301835
466	0.0010157196193035698	0.00010292394967146445	-0.002067947630240968
467	0.0006615004607096261	0.0014336022657694888	0.00012583465000303405
468	0.0008892991144684568	0.0020298608687271793	0.0005435222268993253
469	0.0002435673787925353	0.0017519584946193868	-1.3475094689843845e-05
470	0.000941689108726574	0.002192878534039015	-0.001277242760093555
471	0.00029637645547060963	0.0016539833368722039	-0.0011227926440765985
472	0.0009980737516503756	0.0013512963887679264	-0.003766255467145799
473	0.0003292395407824014	0.001762448485673954	-0.0011922343334533564
474	0.0006231889064569469	0.00094811889651921	-0.002122690015355414
475	0.000839052117480105	0.0012645754279627074	-0.0014862494077287893
476	7.908201489513836e-05	0.0014429815265112177	0.00024303852806669703
477	0.0013879555305716645	0.0023219930038078916	-0.0018882898089674664
478	0.0007054109267298828	0.0011577991252718673	-0.002063842061965098
479	0.000985929495075685	0.001206506147718028	-0.002658690756587103
480	0.0010127462616751118	0.0013894052963814925	-0.0009810080860764591
481	0.0013098125609497136	0.00042963755645306697	-0.0019751321837018607
482	0.0008035287484136035	0.0015821891273155183	-0.002063831493345096
483	0.0009165878793584926	0.0018925528303821808	-0.002070935992300743
484	0.0008297248379168699	0.0005949321979006707	-0.0013748171020879372
485	0.0005472753117365434	0.0015538832829320639	-0.0016049260250349951
486	0.0015132571228740155	0.0014651875472910295	-0.002633644589327563
487	0.0012703952298288848	0.0014025436110667703	-0.002434303127659597
488	0.000750120853233605	0.00212421507271625	-0.0014603274399480866
489	0.0014606438275113732	0.0017699107036604589	-0.0028354355639441937
490	0.0011250101222054331	0.0012414258891030108	-0.003120128028194968
491	0.0011457484782512962	0.0007260944127205709	-0.0017036849984048761
492	0.0018308879102733834	0.0019909279174426184	-0.0031410923505622223
493	0.0009643866092361663	0.0015630984049389072	-0.002948921609648281
494	0.0011810664126092312	0.0010478753097207948	-0.002531761040601486
495	0.001424227284239537	0.00042766400078529134	-0.0012918536426068919
496	0.0014876970069719344	0.0022512603599208533	-0.0019248503005444722
497	0.0011354109783090055	0.0015531883329240965	-0.0012093353405212934
498	0.0016069538838707816	0.00035537345554171305	-0.0006457724200959659
499	0.0012537506359725223	0.00046946173901563234	-0.0014373903680342988
500	0.0015101115389433708	0.001177085598121087	-0.001865354477844372
501	0.0008370195762887622	0.0013543098328026235	-0.0021014988404506286
502	0.0009513896475297012	0.0014543719609247266	-0.0009365156219210421
503	0.001562373262429242	0.002565054098887429	-0.0028130572926157197
504	0.00043389715073917563	0.0022300102231475123	-0.0006746247503344867
505	0.00041900786685085194	0.001171828501460683	-0.0013425094384972459
506	0.0008975768263519935	0.001248356117272752	-0.0017931596965115562
507	0.0014957742467680173	0.00022783440239480986	-7.58720977604556e-05
508	0.0010138817061167715	0.0006630460693172084	0.0002293448694249585
509	0.00046421475959198015	0.001447228383449757	-0.0009071300249209574
510	-0.0005111393898664079	0.0013360477537654862	-8.586866804147819e-05
511	-0.00013140967960244818	0.002196889162778969	-0.0007228546730355667
512	-0.00019364092314712864	0.0022541823421953224	-0.00017903078549467573
513	0.0008050117636104122	0.0005248505736841641	-0.0006553221198207257
514	0.00047694588128572023	0.0011954612912497746	-0.0016391879444679648
515	0.0006902865759283618	0.0006697823239397821	-0.0010319436043685502
516	-2.074747761117153e-05	0.0016504044002451064	-0.0016677917828173698
517	-0.0001382528695444418	-0.0002763479200598593	0.0009550105537418461
518	0.0005221269804333486	0.0014428923442515531	-0.0010542003706030141
519	0.0001751021489924757	0.000791272913218058	-0.00108439721523261
520	0.00012721677889878904	0.0015046821201037035	-0.0006741316825381119
521	0.0011594859757456271	0.0011321889869891392	-0.0009259725638915994
522	0.00014043439124249992	-0.0004976522525567035	-0.0013819550433677539
523	7.69548059597962e-05	-0.0004474420731590776	-0.0007673289282087044
524	0.00029109839874009183	0.0008440588519641907	-0.0005849443454223817
525	0.00028434037907101124	0.0014717524134774864	-0.0008536681613734129
526	-0.0005026742568910161	0.0005553421867677421	-0.0012485551437482843
527	0.00032570365205529295	-0.0003151610496357262	-0.001149940589143629
528	-0.000312204717364051	0.0003935907482459637	-0.0007863029351159406
529	0.0003885656093678769	0.0009980518484340858	-0.000732280091690173
530	2.812015757153543e-07	0.0009024046652504556	-0.0011846317917133674
531	-0.0006510600708598861	-0.0011770115415625346	0.00044919608599352037
532	0.0006723051122250755	0.0005843665965046972	-0.0005558617887603005
533	0.001410353159832919	0.0021698859669859725	-0.0015167114982102127
534	0.0008064154436115876	0.002062470736354857	-0.0013715363665418089
535	0.0011626267470947228	0.0008037784733873857	-0.001701085947176011
536	0.0003049966939716772	0.0009916967399271463	-0.0017276202713118675
537	0.0006541033464984026	0.00121303502391672	-0.0012893010966314818
538	0.0007056147459146346	0.0005042245160524963	-0.0015356599369748258
539	5.554228605689389e-05	0.0019947321574384468	-0.0024707203502697633
540	-0.0005000463369642268	0.0004966472057451653	-0.0020192342907687563
541	0.0008736721406335357	0.00012317577366211874	-0.0003967975410640415
542	0.002024904483564765	0.0009897038812710433	-0.0016421935859238664
543	-8.012331220646595e-05	0.000798158670913433	-0.0009274740547416401
544	-0.0005398402371015111	0.002091922849332328	-0.00031961660781747875
545	0.0008096740783081345	0.0024788908700615914	-0.0010499918778469988
546	0.0008807557566489614	0.0003723310897588063	0.0010963140591489279
547	0.00015271321879172997	0.0011276526415723936	-0.0005706436374744183
548	-5.173427825264196e-05	0.0025196470382057457	0.0005115951391611976
549	0.000224302821625771	0.002971445781122053	0.0003341700142022872
550	-0.00014286353973829867	0.002420022218161509	-0.0014197562415402254
551	0.00012226435816253996	0.002217311983863731	-0.00040678483091307287
552	-0.0005158280482541628	0.003499225178709228	-0.0010587071901726024
553	-0.0008783097638580453	0.0031972320753893184	-0.0015561389670162254
554	-0.00042646424463667603	0.0017212733337446976	-0.0006741175198319802
555	-0.00011565870234525534	0.003196720562178847	-0.00234229002885837
556	0.00014976475016712063	0.003298170533187438	-0.0030854540247043983
557	0.00036995250496509307	0.0019963732047473706	-0.001912700234435458
558	0.0011862059732631776	0.001016314763653657	-0.0019850289583734767
559	0.00011290232623129112	0.0007823634822190043	-6.876798759438563e-05
560	0.0009636552451284035	0.0011356848372197181	-0.00023372219143268005
561	0.001041203765601998	0.0006058754362707046	-0.0005661821497399638
562	0.0011832637093145044	0.0011760017698530857	-0.0020101340719629714
563	0.0021699921667887095	0.0005639038370179768	-0.0013598793660231654
564	0.001403498251212042	0.0030090070126852775	-0.001035174464867111
565	0.002365915186121482	0.000979150584292114	-0.0022299186370111092
566	0.000967902504790694	0.0011759119784874978	-0.0015714331942957354
567	0.001518608826887812	0.002890954984858654	-0.0014260512532190007
568	0.0011451481423549303	0.003187747100622158	-0.0020891956570933115
569	0.001873783472817662	0.001489358666138423	-0.001830723450075923
570	0.001275403889043113	0.0023575076695056306	-0.0022919189773939735
571	0.0008457263948940257	0.0016684357747425245	-0.0015735136662759143
572	0.00021104093088228668	0.0022689868363342967	-0.001665646089566015
573	0.001127615661433559	0.00011698823500136244	-0.0013404134578932478
574	2.4397332676031908e-05	0.0013702152092698058	-0.0010670266584294791
575	0.0007257524634048028	0.0009411158286433835	-0.001582945483238577
576	0.00036059695630622694	0.001674002877172366	-0.0003565135007999307
577	0.0014483988475701328	5.531078865518001e-05	0.00039511085537047145
578	0.0002395360283793072	0.0008117123192267639	-0.0017897539632430598
579	0.00024811792352888006	0.0020313894954140034	-0.0016568289139769678
580	-6.228295549360653e-05	0.0014825729412986284	-0.000991836022633425
581	0.0009228780968455062	0.0021484306518836376	-0.0017791283755241403
582	0.0003973613302333675	0.001362766278601784	-0.0013248684918359226
583	0.0006852316825835988	0.0001263402830120666	-0.0008541068652683919
584	-0.0004939724019900954	0.00015053440494743387	-0.0013388492821479663
585	0.00030364316497042375	0.0010870510430023884	-0.0002822653882216503
586	0.00045962432013707245	0.0014059170369494418	-0.0011750449607204178
587	0.00016923138080768242	0.0015342941740396393	-0.0004327695084551092
588	0.0007521441690941965	0.0014574114750631922	0.0007960294916713277
589	0.0004238660972884525	0.0023057987715052906	-7.53361382006723e-05
590	0.0013671824509529278	0.001781863197921117	-1.598151204587416e-05
591	0.0001448190985697983	0.002493036569030404	-0.000977660982830671
592	0.00041450815379491307	0.0022119946936376483	-0.0014901078393472532
593	0.001051735727975908	0.0029141637904915854	-0.0017228653359700552
594	0.0014595111640760368	0.00306388783077335	-0.0007449584159815677
595	0.001962447210772425	0.001808076795924408	-0.0017913755737901929
596	0.0011013256414677138	0.0018998430358336533	-0.001705015786722761
597	0.0016216282429646167	0.003147876200893751	-0.0005640474401479274
598	0.0005169652306711715	0.0026285092225921776	-0.0017919724184117729
599	-0.0001973295576732908	0.002309766145140852	-0.0016926535465416265
600	0.0005369453263298675	0.0016297366373532207	-0.00239514581725449
601	-0.00013421872800944978	0.0022470205651187445	-0.0007512465464103346
602	0.000594701085801489	0.002097202496208755	-0.00017732795993569356
603	0.00021782442755214314	0.0028012611338313204	0.0015100409898487653
604	0.0009647416642264299	0.0016954085042873485	0.001501675707977517
605	0.0013485713554722768	0.003940816548836327	0.00014161381069760536
606	0.0007680388399087291	0.00222096103669697	0.0011246961954777704
607	0.001166418205933022	0.00312905830002965	0.00019139712669006046
608	0.0007996633942203427	0.001896230829688284	0.001121515422936037
609	-0.00040092665619453037	0.0008545021399994997	0.0007619039411628149
610	-0.00013164316273834892	0.0023539766524585536	0.0008519193689014354
611	0.0005910451100152106	0.0011722677350771151	0.0013496695058627906
612	0.0007174012332776581	0.0017055180926398488	0.00023905276070280816
613	0.0007176820154684417	0.0008971209822495078	-0.00018458401774707937
614	0.000926225911852745	0.002882772179820178	-0.0014890091009543125
615	0.0016650892513355843	0.00048780040076788105	-0.00041581414624436886
616	0.0016434195008390203	0.0026144949686662056	-0.0024847017558348936
617	0.0004750770283417945	0.001956022251780741	0.00012706879042259615
618	0.001371376506718361	0.0014514442223875536	-0.0018180722214927387
619	0.0009962812217736323	0.0014641757611690868	0.000400106679641826
620	0.0006953875400854457	0.0012144301346305438	0.000693225984514002
621	-0.0001420585733928365	0.0014507826502300884	-0.0022497881080069605
622	0.00023661415578999696	0.0016708304472775	-0.0005605296480422786
623	0.0013975363980186664	0.0016624493466605445	-0.0009213246771420126
624	0.00015262276837262534	0.0024089880792595155	-0.0011433676978600332
625	0.0007481282727507612	0.002074730756809113	-0.001794812644250377
626	-0.00030716003003500677	0.0031979637146975558	-0.00017620691998280656
627	0.0013766529922973184	0.0018749499384642396	-0.0015045408618029705
628	-0.000917138301633243	0.002654962264308266	-0.0004896635046547555
629	0.0003214126976232565	0.002486400861968452	-0.001600005621654486
630	-0.00038633703653158776	0.00035848282511819754	-0.00029732843675341525
631	5.254547420295249e-05	0.0016007769599421053	-0.0012771810148281227
632	-0.0003556486573669343	0.002309018788892161	5.0038065052570235e-05
633	-0.000548232630827991	-0.00029148780157800823	-0.0010219769279951538
634	0.00016586557351683392	0.0013192571942206267	-0.0003191533840720491
635	0.0005196296632004803	0.0023371828201026977	9.396599072494219e-05
636	0.0005042599419374915	0.0013324972583819842	-0.0004862865778618373
637	-0.0010587082789105182	0.0023477579065526934	-0.00017933489987613418
638	0.0007441886045964416	0.0003129792349859518	-0.0012593551410561878
639	6.571850480282507e-05	0.0012701739802784082	-0.0005516512747325216
640	-0.0009679867228800593	0.0016214946187916917	-0.00015388071336400771
641	0.000251941661267951	0.0010516107978750773	-0.0014062422074326711
642	0.0008679377888738643	0.0023173446577130913	-0.0010699521928429151
643	4.494132549670961e-06	0.002496436837449704	-0.0020736117793581027
644	-0.0004591640514959325	0.0016537323821306103	-0.0005146522461890778
645	0.0006612734241944425	0.0027368788692110845	-0.0010601375645764505
646	-0.00019703363270244122	0.0025543788622391546	-0.0015645378044554393
647	-0.00012568912073906345	0.0017035635806791898	-0.0018541617890983305
648	-0.0004323607057745365	0.0017832659663484518	-0.0023137825381605477
649	-2.6936547704782055e-05	0.0018848648656878994	-0.001575353069994432
650	0.00016731775766841883	0.0019894140645096165	-0.0014309191915390124
651	-0.0006236389145175088	0.0018422369671742456	-0.0005651376999664943
652	0.0010909155388697089	0.0012733827081523813	-0.001022350682096833
653	0.0008709109497538674	0.0026064093294761795	-0.0006813822186646308
654	0.0006212347462952212	0.0020267035538927385	-0.0010977063847740132
655	-0.00019296954176838065	0.0016781536076692386	-0.0009165211533037636
656	0.0003935185488992757	0.0014939306814733331	-0.0011091678328936736
657	0.001979166449747591	0.002525152432260814	-0.0012137379003027602
658	0.001174855921113311	0.003385196389194643	-0.002053148247569303
659	0.000739987169952233	0.0021893804112790415	-0.0017788740375958606
660	0.002073424370389306	0.0013189725466287495	-0.0032630111454375714
661	0.000716220854350588	0.002018197174337754	-0.000944581488495474
662	0.0009203866186176411	0.003062627734873497	-0.002016001989974365
663	-0.00021475894938573868	0.002019331465602651	-0.0008012781205458176
664	0.00025966083501214563	0.003462037698318135	-0.004165422292734088
665	-0.000528578841962382	0.003318509494492791	-0.001938501377573408
666	-0.000570168537218204	0.002678650271737991	-0.002262856871611474
667	-5.7834161408636554e-05	0.0023559592478996465	-0.0026831380158693573
668	-0.0004899458231134679	0.0026332450897701897	-0.0018098430735046548
669	0.00010596931031768087	0.0016497423695471583	-0.0024831802338398674
670	0.0005784619842188752	0.0015824381416231375	-0.001295914917524647
671	0.0006787802826801075	0.002128038249680621	-0.0018116685201530459
672	0.0005056462745357174	0.002466030084294419	-0.0013283045818376477
673	-8.320539819771524e-05	0.0030597991896575737	-0.0010917683073162637
674	2.1437625900989774e-05	0.0019887667718894095	-0.002102963780082806
675	-0.00024330928061914425	0.00046627767627076223	-0.0008985361974439496
676	0.0003496178646672115	0.00118567831892979	-0.0013163728214911383
677	0.000186924547897057	0.001937057853573347	-0.0010867028986115998
678	0.0008262095304323121	0.001986397969105813	-0.0022600530473530223
679	0.0005771348602668802	0.0021092176410182754	-0.0021813576049479143
680	0.00039636026799011714	0.0019995776643503614	-0.0018679236710839441
681	0.0006434177413049905	0.002272785145033076	-0.0016584331393690132
682	0.0005928500736351995	0.00264292898651831	-0.0014836836538724893
683	8.748019635118441e-05	0.0028387694153535637	-0.00036789015031890457
684	0.0009129642714590885	0.003698642821121196	-0.0014457792107725243
685	-0.0001487081764426097	0.002577952920838561	-0.00022931024741058766
686	0.00021561082137477243	0.0024609301927896675	-0.0010211833897698906
687	8.96889011749954e-05	0.00320518365445417	-0.0013896004641986573
688	5.800859922600347e-05	0.0035375288132473252	-0.0013088158178817197
689	0.00022288395061019982	0.0028600882605557816	-0.0010736967630058938
690	-0.00028901519832114054	0.0027449813971859235	-0.0016061309656049813
691	-0.000293345138259956	0.0036923235035188767	-0.0017241448344350028
692	0.00016127562796918387	0.0024569984163096293	-0.00127587895861677
693	0.00024262929363269285	0.0028498710099321644	-0.0017884712305436114
694	-0.0003398956064424519	0.003379518356558438	-0.0015076506866348125
695	-2.2597781822130162e-05	0.0019393068850145456	-0.0017030226253092156
696	0.0001127131174481369	0.002738969160272976	-0.0011154162444054437
697	0.0002861297266912486	0.002885950268118536	-0.0023745916632392705
698	-0.0004306529697823468	0.002269725162005399	-0.0026664474997950167
699	-0.0002678849291710692	0.0032901459630592005	-0.0013291974686198138
700	-0.0001236133317871254	0.0027707788313706566	-0.0017513233797715284
701	-0.0004142248604526574	0.002633713514527273	-0.0027829102757696
702	-0.00021086193874629306	0.0026630205491514963	-0.0018772269865340316
703	-0.00015037002225060645	0.0017841228127229247	-0.0017056432788765258
704	-0.000619386635811173	0.0027822569921348624	-0.0008400040032079572
705	-0.0003355755878207535	0.0033674578396740507	-0.0015368546984508707
706	0.0010694900264071098	0.0031187951713980517	-0.0008638886243629168
707	0.0010555726204798505	0.0026400919987005604	-0.0019227873137206157
708	0.00039724270726643104	0.0010388801977869926	-0.0005208484495735501
709	0.001063072872475748	0.002338138598866025	-0.0019150604312857223
710	0.0001714747263918854	0.002247686165026716	-0.0012175204486875118
711	-0.000393900114575353	0.0018220215241395036	-0.0004586155761603538
712	0.0001530075672973831	0.0011399308281006804	0.00011005857724226149
713	0.0011131781177182254	0.0005821016279289814	-0.0007028377599768126
714	-0.0007084853298379244	0.0015109680090324437	-0.0016804529071874298
715	0.00025859741592039844	0.0022852191157487216	-0.001440694110648046
716	0.0007100700187404234	0.0034680803460273796	-0.0016123727138676993
717	0.0006310241406900826	0.002967069437414007	-0.001251627104819541
718	0.0013500545033771367	0.002773094502979064	-0.0014292404425102346
719	0.0008854183714047081	0.0030730660298292933	-0.0019557242535233514
720	0.0008821837756021564	0.002533766201226288	-0.0022854729314796844
721	0.0017145838379156082	0.0018375821749970999	-0.001879560763065098
722	0.0017287004717848815	0.0028970373896280532	-0.0032789118547023044
723	0.002353060358760162	0.002438212391770953	-0.002333967211577964
724	0.0028371298122066495	0.0017689738110622146	-0.0028474327402421627
725	0.0016178950391289777	0.001971366226286269	-0.002194327546464959
726	0.0013484007544735876	0.002328705018861071	-0.002561075164725239
727	0.001179025856090493	0.0028410553787956336	-0.001774861154347084
728	0.001758982697863697	0.0027773391457304396	-0.0015659294626594075
729	0.0014997495146527313	0.0017276257527668389	-0.0020828939688268067
730	0.0008605637383696344	0.0021648956880449713	-0.0019315178695105462
731	0.002090205760593315	0.0018483386789147327	-0.0011710871276702593
732	0.0011480398851550202	0.0022150224261893964	-0.0010685239020233315
733	0.0011939505770357786	0.0010001123012134345	-0.0019498053756720735
734	0.0013782620741704453	0.001850159868117251	-0.001446774540115557
735	0.0015254585018322697	0.0021501140806983714	-0.000799293832911789
736	0.0015060224106752287	0.0010716836589159645	-0.0014785308967642356
737	0.0007270772558247139	0.002222308229566764	-0.0010610854640547179
738	0.0009891342117386978	0.00041007268452931283	-0.0008232608079157374
739	0.0009930701667317065	0.0012847126841212665	-0.0016112320553708062
740	0.0015954629427417197	0.000484966548212817	-0.0006706176475590809
741	0.0006935603348988034	0.0011455562754331386	-0.0010414448981635746
742	0.001137820180524449	0.0005206557707475549	-0.001241269973140155
743	0.001101268211634002	0.002092012412557241	-0.0012620388461729243
744	0.0014804315253070812	0.0015467232089833088	-0.001020726766470245
745	0.0019554440239643307	0.0011914253143824253	-0.0008335182151209829
746	0.0021269740840180974	0.0014792461732470973	-0.0012270043339050853
747	0.0005381701839240137	0.001893882279409724	-0.0013965139049591426
748	0.001724715855950617	0.0016799111581165343	-0.000513366326127442
749	0.0010184431259924029	0.001959541095112876	-0.0007690581125390049
750	0.0014838287633137126	0.000820076542515203	-0.0017374683903849674
751	0.0021271912559600653	0.002587538186504969	-0.0012116139358344508
752	0.0022560935765755857	0.0008781904471353854	-0.0005958321354153058
753	0.001181063937500787	0.002525284610799018	-0.0012832706104504445
754	-0.00017611812093017046	0.0031430223306728165	-0.0002349840617513391
755	0.0003573633436196648	0.003191039595105682	-0.000818652691033505
756	0.0011090240128744293	0.0023138834425671133	0.000946275464628488
757	0.0016978509842599748	0.0024707726235298254	0.0010553746512597698
758	0.0015782537258401171	0.0029857517176574097	0.000892971360641138
759	0.002349222621506875	0.0031480251175478027	0.0003817316075492255
760	0.0022371797228228248	0.0025889143013869283	0.0008317955449816479
761	0.001283546893090208	0.003096019790038944	3.2663361748246696e-05
762	0.0010809392776556883	0.0026535228523999277	-0.00025010289959045496
763	0.002507358615304101	0.0011256151221615846	-7.704901897996217e-05
764	0.0028899317716710297	0.002142598699989505	0.0003593773786984601
765	0.0002913261211188378	0.0017044246928705849	0.0004834355097943034
766	0.0009378837155078824	0.0010713157573691784	0.00029409141955107077
767	-5.466730206002922e-05	0.0014145565598047858	-8.22019384652536e-05
768	0.0002429411885430555	0.001297472409514022	-0.0004000975340939238
769	0.0005030365983576957	0.0016939866127862811	0.0005129147981814371
770	0.0004119695534123707	0.0011578111917205198	-0.00026910965785613807
771	0.0005559562336902159	0.001174756757111642	-0.0004338688769304779
772	0.001373134778547225	0.0016414597702439776	-0.0003702787130832695
773	0.0018520773527595643	0.0009131530397034464	0.00041295639538496345
774	0.002013532476924774	0.0010633204459101668	-0.001406735369127546
775	0.0015447688930140143	0.0017705427669231103	-0.0014692298996636817
776	0.0015671021894676734	0.0008797524061232828	-0.00028970010505340764
777	-0.00020581983825621362	0.0023628537613902788	-0.000481684105996531
778	0.00011642897182488184	0.0023357135664200668	-0.0015656769226379496
779	0.0004693367968620867	0.002122915318536306	-0.0017993371888754587
780	0.00041574557226292983	0.0032355690944115604	-0.0019990128389098904
781	0.0004500961620263185	0.003033741220631668	-0.00019292417393422545
782	0.001157860036602381	0.0030067051032443364	-0.0007902000791398797
783	0.0018183329174759394	0.002707896886749934	-0.0008789137575858741
784	0.0030345277364908045	0.0025031431230850814	-0.0011641632347247632
785	0.0025066189194956076	0.0032505112970498524	-0.0010619382232745851
786	0.00014298498211373745	0.0033954387811461193	0.0006507445517260257
787	-0.0004253426525844998	0.0023480502904592243	0.001522594754772306
788	-0.00027767202755843293	0.002790330063396576	0.00047434112776150925
789	-0.00022486012373776907	0.001996878441367711	0.0008883806444852512
790	-0.00014225446362428273	0.0019512669742719224	0.00022821395899197926
791	0.00045766857324642586	0.0008081792020885464	0.0003878317656116104
792	-0.0002003563026924639	0.002084553759599438	0.0004125391068074844
793	8.667302763476485e-05	0.0018768886150593866	0.0006025930593917288
794	3.161788848964089e-05	0.0024904190070796604	0.0013500370879880224
795	0.0011105354175669853	0.0025495851468194473	0.0010882878829187148
796	0.0002794499265564932	0.0015071627853755	0.0003216622658610811
797	0.00015261569193037087	0.0008994085805201657	0.00047911609044343765
798	0.000551171789469577	0.0013921978006356524	0.0008895990794804977
799	0.0004044538085558618	0.001562931333622584	0.0010910806354055822
800	0.0008760710066738683	0.0004117960509548576	0.00025971856276723877
801	0.0012483428618886505	0.0015560165076990858	0.0006619154258047139
802	0.001215658793511527	0.0031993068563891678	-0.0008250977651543185
803	0.0009527514584732463	0.0024918897692109286	-0.0008204372138116217
804	0.000981385641295948	0.002501170861672992	-0.00028120373204471667
805	0.0017422576248335095	0.0010645418764797783	6.467412529215482e-05
806	0.0005577582698028049	0.0011103863117865541	0.0008150335559972117
807	0.00047241796696061926	0.0019827171617569743	0.0008722308611189291
808	0.000583348224780053	0.0015565005409713005	0.0010872827620851803
809	0.0013384645490360121	0.0010616580772158058	0.000407150282380239
810	-0.0002758778086042992	0.002201711726578274	0.0003211222454268616
811	0.00046362836060018556	0.0022103521215898823	0.0007769494001612987
812	0.00012785145634996932	0.002188330255219398	-0.0002386138067876948
813	-0.00039034760539153376	0.0020690712682553875	0.0018564117652008286
814	0.0003103688001465307	0.0022403578653425226	0.0010873055696882256
815	0.0005284707183970901	0.0012679504469504154	-0.0003936957027633368
816	-0.0005199584097679641	0.0017856769133708461	0.00017915838289151538
817	-0.000194692019853843	0.0025328796154313635	0.0006354293349323549
818	-0.0008877040881561326	0.002093076036890868	0.0017654750209989737
819	0.00015382198685825007	0.0008201460485420459	0.0016694292525884045
820	-0.0005162035167968167	0.001630817090828741	0.00013765531783263216
821	-0.0009271085697826497	0.0011020930716645469	0.002236232457956962
822	-2.5833213298783592e-05	0.0008364043238090187	0.0003148694214039779
823	-0.0005635286485573981	0.00046293473774410303	9.047204609036809e-05
824	-0.0002539993010382979	0.0014986431168502847	-6.973671552486379e-06
825	-7.510113180319244e-06	0.000397422198002528	0.0007579053390027846
826	-0.00047494070707243167	0.0018074877532754797	-0.0004080210166891741
827	0.0001540338253300887	0.0019003967761250817	0.0002839708271426411
828	-0.00030916323742324024	0.0024337409291443975	-0.0011558794785685462
829	1.7816022614101272e-05	0.0015237443339642463	0.0005908990948459111
830	-0.0012198990789631025	0.002270029384624389	0.000825003794737405
831	-0.00036313077271806545	0.002590291924635433	-0.0009639112720729636
832	-0.0003543672342953954	0.001492004503573171	0.0008582066851871242
833	0.00011012271908234449	0.002280974564152518	0.0007262387727898188
834	-0.0002855046459878832	0.0009659878174546015	0.0005830872258160355
835	-0.00029804500181817586	0.0008114748154785416	0.0006959614594374091
836	0.0003784579989353894	0.000807476327304633	0.0018089814541693869
837	-4.8983193097016406e-05	0.0015423647708916162	0.0012390660183521276
838	0.000407355367398678	0.001175195570665358	0.0015615591287589466
839	0.00037592928800959783	0.0015537646523189966	0.0008117711823098003
840	-0.0001830809377022794	0.0014298571682966658	0.0006652727763372056
841	0.0007643773692263316	0.0004971686436583884	0.0007060666481503345
842	-0.0005128361863299552	0.00031285864405911025	0.0006130833747356105
843	-0.0005296328304306222	0.0006754405068313946	0.0010631902234662996
844	-0.00018835664553330068	0.0012429550715087943	0.0011589454594482522
845	-3.1561784235929226e-05	0.000769595006826944	0.00034309826773487454
846	-0.0002671634582483761	0.0011838602102714837	0.0006654676466976424
847	-0.00032221192479561333	0.0005438441870048146	0.0015079505422393032
848	-0.0007441665040465496	0.0007924224800715546	0.0008331023162373561
849	-0.0005602161799676241	0.0009956283117792508	0.0008697477155885972
850	0.0003764594572248267	0.0005100892469566851	-0.001279700128063215
851	0.00016603178596173664	0.0006665317954128179	-0.0009936507690336217
852	0.0007810349036048	0.0006608822271272075	0.0006946180617294234
853	0.0007366656254850796	-0.0005886300769982518	0.0007630702178305586
854	0.0001646696118529052	1.520566630369138e-05	-0.0008497307272801998
855	0.0005010037014772052	-0.0004520586744452122	0.0009508069477388971
856	0.0005685556178373192	2.139618497195325e-05	3.279641885144924e-05
857	0.00012399326052195533	0.00030246169597566183	0.0002436003539834423
858	0.0009895918713378911	0.001812999420516772	0.0002941880672068617
859	0.0010544559671565833	0.0016952427733721875	0.001209571572636936
860	0.0007989869502952767	0.001979810622904034	-0.0007476797472908425
861	0.0009443102015810877	0.0016210054493603356	-0.0010229681834297434
862	0.0015758438914307013	0.0002861596625101867	0.0018413768261490064
863	0.0009981196079780486	0.0013401725100384817	0.00017106426647091333
864	0.0012198964102263623	0.001345853517439982	0.0009704971131000877
865	0.0015116710719254643	0.0007478944196074471	0.0004947716297085195
866	0.001172037253221782	0.0007438818853258108	-2.314866778110544e-05
867	0.0008275250618663259	0.0008704956138525441	0.00044664701653167565
868	0.0005002855674590531	0.0018741538582057026	0.0009055301999630118
869	0.00022871633093677954	0.0014101067884088145	0.00032765070022308765
870	0.0013985729350544502	0.00270841749735378	-0.000650302146274471
871	0.0006200458754002897	0.0023386468379741694	-0.00016934081578122168
872	0.001103504182422616	0.0010853834107577907	-0.000723197597555488
873	0.0012642104343400203	0.001286423886541337	-0.0006444682460575103
874	0.0012845691820642519	0.0012606749103556618	-9.758612888305062e-05
875	0.0011250048898490048	0.0009296431596825011	-0.0014594567437932917
876	0.0009395167697340236	0.0016338392115694766	-0.0014521630911160284
877	0.0009422389324860374	0.002201456839202572	-0.0003982033216075874
878	0.001136497224804436	0.0023149539535063067	-0.0003487210903452318
879	0.0012514889489654507	0.0020518726380375192	-0.0016363567367373238
880	0.0007919176677009817	0.0020432816836328947	-0.0008056339965041663
881	0.0008386807313594798	0.0016376474504690485	-0.001646356123065958
882	-0.00016486052308820607	0.0017981755396643882	-0.0022695744143455777
883	0.00010150142685973228	0.0006113459960239741	-0.0011149449887042666
884	0.0005871123048485164	0.001102703859179084	-0.0017642713459499917
885	-0.00017433071736530864	0.0022264318357476643	-0.001509409313038905
886	0.0002614260443041438	0.0014992023242835957	-0.0011406889275579063
887	0.00045635361707773434	0.0007742726963524749	-7.949011945278576e-06
888	-0.00016798001183136832	0.0016681991037021345	-0.00037133969021040623
889	0.0009251463622412704	0.0025021023536329974	-0.00044145377334716497
890	0.0007172685204897319	0.0028713821248031535	0.00045930790702018937
891	-0.0001258860397659796	0.0018603589921241976	-0.0005703968850263091
892	0.00044595939962725745	0.0014750412558443234	1.126562382135687e-05
893	-0.0006373308411899087	0.0014681491803441146	-0.001120402647005003
894	-0.0004637482362966485	0.0017033416743050245	0.0001913054467541154
895	4.390891200788707e-05	0.0015189305562538996	0.0003177294374301406
896	-0.001413876234536616	0.0013267641005201855	-0.00031495638648169574
897	-0.0008642125580291763	0.000812855657095883	-0.0002450622076040016
898	-0.0008919606693190817	0.00047047003345522347	-0.0013501105388711156
899	-0.00037888937657207884	0.0020685869960637856	-0.00044303912250388475
900	0.0002686499442068994	0.00186642799605245	-0.000427682195949051
901	0.0007973534110668398	0.0016145442235505787	-0.0002357741729707252
902	0.0004253295975123671	0.0038970297735786232	-0.0006898258754430232
903	0.00040321842677031467	0.0020715040678378916	0.0009702055758080887
904	0.0009469452858291471	0.002376545779320191	0.001114700072614632
905	0.0011607935672392792	0.0011280700438289306	0.0015071814608180322
906	-0.00031539775127553346	0.0013265804835447237	0.0008770775443700995
907	0.00045007402980101844	0.0025378433400691882	-0.00020720589694919834
908	0.0004605101799123108	0.0024341605358985745	0.0005673201639808094
909	-7.86868772572289e-05	0.0006805084866679547	0.0005612227420396555
910	0.001418018128990644	0.001187542872181439	-0.00034727198865716066
911	0.00047670327476204285	0.0022620888290979654	0.00025654681891722875
912	-0.00046790443905310615	0.00394584783439818	0.0007076510118050548
913	-0.00026626144928625425	0.0030842231907182113	0.000584350693374184
914	-0.00021101105508871792	0.0015196547269659658	-0.0007612577098625023
915	-0.0005207845936781878	0.001668271282617937	-0.0010682001820208427
916	0.0004445654485239436	0.002307276806781803	0.00018813695747464792
917	0.0010876196527063102	0.0030063680051517464	-0.0008891610673616994
918	-0.001048115033789457	0.0043594895255882025	-0.001996233133286308
919	-0.0004990245842572505	0.0030179620614901735	-0.0004540798577224015
920	-0.00020482955533636263	0.0035051250081529796	-0.0016420145966730129
921	0.00033105574176139387	0.004247371153416855	-0.0013703677626607006
922	-0.0003764600619848955	0.0025714559620865583	-0.0010018551103117622
923	-0.0012012294993494607	0.0018496135451305169	-0.00048198569814140676
924	-0.0006551285261953928	0.000518993693919717	-0.0003089669424243988
925	-0.0015594597216101076	0.0025583073880689764	-0.0017486954947623415
926	-0.0001974602282798586	0.0023939677156937945	-0.0015575170935167532
927	-0.0004952185273936716	0.004136696902481159	-0.00031762737746876356
928	-0.0007689662245728399	0.0037420066374666125	-0.0013709295818248044
929	-0.002686854246135262	0.004431206725709832	-0.0006916694030315802
930	-0.0015428794094542145	0.004148220972986308	-0.0004585857745342721
931	-0.0012671666565387775	0.005338017194840918	0.00011434002136889474
932	-0.00022095856909001477	0.004966638369737606	0.00040658566246989654
933	-0.0018939865558173152	0.004036560794900805	-0.0007886346261454559
934	-0.001530135348408432	0.004355506412974212	-0.0005278966840503044
935	-0.0015387093163770455	0.004273023254963889	-0.00024868307847849104
936	-0.0015280247249043854	0.00218375076105282	-0.0010159103678045412
937	-0.0013969877636687555	0.0038850288901701056	-0.0005864307319782162
938	-0.0010717791515360172	0.0013492713857318527	-0.0015418261320714857
939	-0.0016263049484651845	0.003042799604096713	-0.002543611960664421
940	-0.0008667313615644243	0.0023129519172266173	-0.0010044989100187504
941	-0.0009286294840620166	0.002443729375049569	-0.0024490844940037583
942	-0.000831128087112713	0.002969251947748836	-0.001852374186826222
943	-0.0013451766984734453	0.0016823732290887211	-0.0017463580790332714
944	-0.0004171097802789373	0.0013911601344925358	-0.000498187636697869
945	-0.0010769249132102504	0.0017868804251488786	0.0004066083407496133
946	-0.0008029850260933666	0.0018869733040716417	-0.0008145388956715486
947	-0.0012352378114630655	0.0015938594727956008	-0.00019555151288160925
948	-0.0006819905565861968	0.0020685067216846694	-0.0006766959574233194
949	-0.0007064906067787693	0.0011212617271076789	-0.0014245909375481328
950	-0.0007646169365750959	0.001937890758433525	-0.0008484944624666438
951	5.319582432048559e-05	0.0022154572390741412	-0.0008052938201466299
952	-0.0004927565842945806	0.00160842810031813	0.0004890016593308737
953	-0.0009808273223539422	0.0023915760003331275	-0.0009578759513198505
954	-0.0006780675750369413	0.0023516377691495853	-0.0010867913002124807
955	-0.0008445945881831396	0.0016186179991066448	-0.0011569619950127304
956	-0.0017723491977172157	0.003955455410411188	-0.0008703941001443492
957	-0.0007739516392416613	0.0024254183153715517	-0.0020424856364134
958	-0.0007937078223478934	0.001649452496562574	-0.0007214764019312953
959	-0.0014833539603390572	0.002522052706528932	-0.0008722742716475736
960	-0.0012051639800346372	0.0018476554261002817	-0.0008734027347296462
961	-0.0013026286211435664	0.002187512046296968	-0.0016826616780190773
962	-0.0008744071375801398	0.002570334913840741	-0.001209782072176436
963	-0.001458535592292556	0.0016549934092798236	0.00021745098745990513
964	-0.001135302562951172	0.0008656081314189332	-9.888563763881583e-05
965	-0.0012263877415590945	0.002356265732218127	-0.0002502686978615772
966	-0.0004203542757116619	0.0017660705780263026	0.0005108938868466388
967	-0.0013801385379178617	0.001953753413553599	-0.0003211860302944794
968	0.0002698202550791154	0.0016817604514674383	-0.0010774777503571005
969	-0.0016184919199196306	0.0018340125112303106	0.0004141694596221546
970	-0.00013322149138550888	0.0014844120998528236	-0.00045820720614643583
971	-8.304475330112168e-05	0.0013980788478520694	0.00024491794513710333
972	0.0005810530653460396	0.0013010451408986708	-0.001838356961189501
973	-0.0003779532255199417	0.000766119839102568	0.0003450870461239991
974	0.00039875345735183176	0.0006216780196206906	-0.0005100745949885667
975	0.0006376623064154082	0.0010987983702449276	0.00019415553495943656
976	0.00044486058187448305	0.0014194656302334563	0.0003216262483314126
977	-0.0007259611789304216	0.0028273808644837277	0.0007893441463467498
978	-0.00021184156171739452	0.0015828060683599154	0.0006022032935506536
979	0.0003203131613448922	0.0018704720333743603	0.0011967805250680814
980	0.0003467280148195944	0.0023217329914184117	-0.00046888820753256035
981	-0.00014829972540671615	0.002043069432246655	0.0009204551611504579
982	2.7189761960671912e-05	0.003832077404793879	0.0004641664261419351
983	0.00035595013506745934	0.0017894175651987719	0.0005070895938843775
984	0.0014716874265363704	0.0014117217046525825	-0.0006373678143094803
985	0.0007228609937459847	0.001434195509551407	-0.0005951989313560113
986	-0.0003638532723382419	0.003254212535243603	-0.0008044571761600579
987	-0.0008083202221787255	0.00280578167711754	-0.0006806906029151534
988	0.00012530524988079448	0.0023058236587088737	-0.0006886919721147986
989	-0.0012219489126342729	0.00405074126040931	-0.0003991464375862076
990	-0.0007368153142218865	0.00309817573331466	-0.00015191294172110543
991	-0.0009660896573109271	0.002586030849946723	-0.0005933704662938462
992	-0.000657794146693145	0.0031269778066426142	-0.001147141690351642
993	-0.0006122858390086275	0.0038731319914464546	-0.001047969508268566
994	-0.0005620289649942947	0.002493662613764047	-0.0010997061147264172
995	0.0012995767227757023	0.0037202700267374195	-0.0028446758264650956
996	1.8653670888957655e-05	0.002835412479426515	-0.0009775422936456543
997	0.0008816655328988168	0.001192475028390632	-0.0005284031031326172
998	0.0006570406893487519	0.0011819362884665527	-0.0005819186693010842
999	0.000813254856791944	0.0010795793840434418	-0.00043607703855262067
1000	0.00018966171976045234	0.003080817133406359	-0.0013370926061201096
